    unsorted:	 1424.452444 1414.215885 1436.736352 1444.974640 1393.370007 1460.604538 1377.760577 1339.669587 1355.047145 1372.161283 1327.597578 1311.559301 1308.958506 1278.788446 1269.044784 1500.572836 1475.640857 1522.354205 1251.714975 1238.434536 1568.074220 1597.376090 1226.783777 1627.579282 1612.676082 1670.579500 1780.933179 1832.224697 1862.572479 1952.369102 1099.635241 1960.253088 1999.091060 2040.804855 1022.607136 2210.859099 2288.387759 2321.938488 2330.267922 2395.849637 2546.044229 2673.311806 2739.615014 3146.824384 1.927850378 3422.474885 3614.927361 4722.369274 4523.643092 5474.093354 5969.358554 7400.250206 9368.216234 10673.45549 11787.56661 12972.24250 13678.30087 15183.91621 15680.42195 18183.02444 20071.49734 20539.43498 24521.72218 26277.94640 32524.29491 32014.29652 34029.80022 39477.44024 47844.62043 50431.66857 73740.80567 77496.76137 84450.44060 88980.94834 101245.3741 115332.0502 121653.3234 124837.6551 126778.0205 128808.6683 145377.4728 152002.7060 150839.4701 153414.7693 174644.7596 184111.8337 199326.4778 230129.0921 299898.6546 284312.6382 320819.6075 328247.7297 409829.2060 443246.2327 508576.9456 532989.0402 552572.8206 625453.7767 657269.4655 749216.9784 771866.3718 891954.7561 1108739.503 1328925.998 1357151.785 1743224.275 1809987.621 2031735.397 2245236.999 3087059.498 3497541.472 4410907.769 6534377.608 9552494.934
      sorted:	 1.927850378 1022.607136 1099.635241 1226.783777 1238.434536 1251.714975 1269.044784 1278.788446 1308.958506 1311.559301 1327.597578 1339.669587 1355.047145 1372.161283 1377.760577 1393.370007 1414.215885 1424.452444 1436.736352 1444.974640 1460.604538 1475.640857 1500.572836 1522.354205 1568.074220 1597.376090 1612.676082 1627.579282 1670.579500 1780.933179 1832.224697 1862.572479 1952.369102 1960.253088 1999.091060 2040.804855 2210.859099 2288.387759 2321.938488 2330.267922 2395.849637 2546.044229 2673.311806 2739.615014 3146.824384 3422.474885 3614.927361 4523.643092 4722.369274 5474.093354 5969.358554 7400.250206 9368.216234 10673.45549 11787.56661 12972.24250 13678.30087 15183.91621 15680.42195 18183.02444 20071.49734 20539.43498 24521.72218 26277.94640 32014.29652 32524.29491 34029.80022 39477.44024 47844.62043 50431.66857 73740.80567 77496.76137 84450.44060 88980.94834 101245.3741 115332.0502 121653.3234 124837.6551 126778.0205 128808.6683 145377.4728 150839.4701 152002.7060 153414.7693 174644.7596 184111.8337 199326.4778 230129.0921 284312.6382 299898.6546 320819.6075 328247.7297 409829.2060 443246.2327 508576.9456 532989.0402 552572.8206 625453.7767 657269.4655 749216.9784 771866.3718 891954.7561 1108739.503 1328925.998 1357151.785 1743224.275 1809987.621 2031735.397 2245236.999 3087059.498 3497541.472 4410907.769 6534377.608 9552494.934
