    unsorted:	 1449.321587 1436.260816 1426.067220 1411.157160 1412.934871 1387.525645 1372.114665 1347.426947 1330.429004 1319.686774 1300.773985 1492.476205 1260.984292 1270.947952 1244.900854 1231.944617 1515.000021 1551.568508 1588.145336 1619.606220 1661.158262 1764.069875 1819.675519 1855.003215 1932.494705 1972.148953 1999.136184 985.4252268 955.0259307 2172.432220 2259.986396 2303.875561 2336.563346 844.9918960 766.5233826 2526.698214 2657.094364 2764.328260 3.579573669 3536.880638 4702.957661 5450.447405 6939.791232 8382.194074 9696.520248 11012.59303 20670.14723 24173.24704 32545.72628 33091.21153 41824.28963 43048.90811 55948.99590 60715.57733 68066.53449 91476.91442 98408.39579 104229.1828 117973.4833 112766.6660 121365.4386 122374.6357 126696.1958 131276.4752 136109.4536 146766.6192 151230.8547 153291.3234 172462.9782 173982.9533 186725.2108 207449.4040 230424.0972 258752.4002 254120.1818 299897.9518 275192.0314 306253.9281 364258.8750 355977.5830 369793.5917 400600.5821 403710.3330 453155.9285 479586.2279 484363.9061 566059.0295 600314.6667 648461.2975 664322.6862 738610.6975 775048.5404 809108.7075 894344.7945 1007636.456 1103227.938 1220358.936 1210777.281 1240429.451 1572589.553 1837982.453 1857401.779 1998298.861 2263286.124 2652850.768 2906835.316 2962657.281 3089795.824 3340469.102 3809193.471 4328353.005 6595757.764 8318982.044 10374835.37
      sorted:	 3.579573669 766.5233826 844.9918960 955.0259307 985.4252268 1231.944617 1244.900854 1260.984292 1270.947952 1300.773985 1319.686774 1330.429004 1347.426947 1372.114665 1387.525645 1411.157160 1412.934871 1426.067220 1436.260816 1449.321587 1492.476205 1515.000021 1551.568508 1588.145336 1619.606220 1661.158262 1764.069875 1819.675519 1855.003215 1932.494705 1972.148953 1999.136184 2172.432220 2259.986396 2303.875561 2336.563346 2526.698214 2657.094364 2764.328260 3536.880638 4702.957661 5450.447405 6939.791232 8382.194074 9696.520248 11012.59303 20670.14723 24173.24704 32545.72628 33091.21153 41824.28963 43048.90811 55948.99590 60715.57733 68066.53449 91476.91442 98408.39579 104229.1828 112766.6660 117973.4833 121365.4386 122374.6357 126696.1958 131276.4752 136109.4536 146766.6192 151230.8547 153291.3234 172462.9782 173982.9533 186725.2108 207449.4040 230424.0972 254120.1818 258752.4002 275192.0314 299897.9518 306253.9281 355977.5830 364258.8750 369793.5917 400600.5821 403710.3330 453155.9285 479586.2279 484363.9061 566059.0295 600314.6667 648461.2975 664322.6862 738610.6975 775048.5404 809108.7075 894344.7945 1007636.456 1103227.938 1210777.281 1220358.936 1240429.451 1572589.553 1837982.453 1857401.779 1998298.861 2263286.124 2652850.768 2906835.316 2962657.281 3089795.824 3340469.102 3809193.471 4328353.005 6595757.764 8318982.044 10374835.37
