    unsorted:	 1445.171443 1424.723373 1436.659382 1415.260769 1461.367971 1452.555605 1408.990417 1393.508843 1377.360904 1355.567603 1340.635105 1328.312340 1500.424562 1311.804523 1522.267678 1279.256037 1269.583237 1274.199992 1252.403641 1238.005892 1569.342385 1537.833405 1598.437518 1627.806649 1644.120856 1672.610343 1783.260845 1160.212123 1860.228716 1836.142895 1867.226458 1951.352706 1110.381508 1997.761168 2047.519738 2213.758128 2290.221821 2222.482306 2167.821552 2324.517712 2399.881033 2418.179751 2546.629992 2675.266955 2637.562960 1.569973070 3294.987096 3617.932701 4071.421859 4723.781104 4960.520293 5475.538940 5950.474417 7375.411810 8242.857697 8737.641657 9739.701237 10209.28384 10812.34559 11280.21497 12588.17640 13980.01571 13880.87112 16855.80104 17912.77067 20507.42649 24511.64071 32521.08231 38071.53603 43939.43353 49950.78564 53263.45737 66534.20453 70590.09423 77819.49232 78399.37933 87006.52100 97409.19148 101285.5306 121906.9515 128339.8001 132711.3874 152848.9442 153237.2749 154499.4483 185532.4910 200219.5956 231382.2179 299898.6193 286500.2372 284979.4019 324859.8148 355188.0895 410194.9467 447431.5191 537468.9049 555451.9369 583709.2291 660379.2615 752869.5173 784878.0017 898030.7055 1109006.446 1334737.080 1365913.569 1764108.500 1823461.552 2045441.551 2263161.526 3102759.962 3542596.505 4435608.112 6548684.253 9622475.088
      sorted:	 1.569973070 1110.381508 1160.212123 1238.005892 1252.403641 1269.583237 1274.199992 1279.256037 1311.804523 1328.312340 1340.635105 1355.567603 1377.360904 1393.508843 1408.990417 1415.260769 1424.723373 1436.659382 1445.171443 1452.555605 1461.367971 1500.424562 1522.267678 1537.833405 1569.342385 1598.437518 1627.806649 1644.120856 1672.610343 1783.260845 1836.142895 1860.228716 1867.226458 1951.352706 1997.761168 2047.519738 2167.821552 2213.758128 2222.482306 2290.221821 2324.517712 2399.881033 2418.179751 2546.629992 2637.562960 2675.266955 3294.987096 3617.932701 4071.421859 4723.781104 4960.520293 5475.538940 5950.474417 7375.411810 8242.857697 8737.641657 9739.701237 10209.28384 10812.34559 11280.21497 12588.17640 13880.87112 13980.01571 16855.80104 17912.77067 20507.42649 24511.64071 32521.08231 38071.53603 43939.43353 49950.78564 53263.45737 66534.20453 70590.09423 77819.49232 78399.37933 87006.52100 97409.19148 101285.5306 121906.9515 128339.8001 132711.3874 152848.9442 153237.2749 154499.4483 185532.4910 200219.5956 231382.2179 284979.4019 286500.2372 299898.6193 324859.8148 355188.0895 410194.9467 447431.5191 537468.9049 555451.9369 583709.2291 660379.2615 752869.5173 784878.0017 898030.7055 1109006.446 1334737.080 1365913.569 1764108.500 1823461.552 2045441.551 2263161.526 3102759.962 3542596.505 4435608.112 6548684.253 9622475.088
